16 10

145 157 80 30 122 85 61 143 55 159 68 59 64 139 38 92
72 140 112 123 94 58 09 156 78 125 03 118 119 51 75 60
102 146 106 56 111 17 152 110 23 06 01 98 96 82 32 121
101 08 57 129 67 33 83 27 05 34 116 00 90 135 53 63
126 113 147 141 95 13 99 89 84 109 87 70 07 65 14 115
136 42 25 16 142 73 158 19 71 15 104 10 62 132 12 100
81 29 52 66 150 47 97 128 91 130 21 151 138 36 31 107
131 49 124 20 148 28 105 114 133 120 134 44 79 93 45 22
155 74 04 39 77 50 24 41 26 37 127 144 11 117 108 88
02 76 137 154 40 103 46 48 43 149 35 69 18 153 54 86

00 01 00 02 02 02 03 01 02 01 03 01 00 00 03 01
03 00 01 00 02 03 02 03 02 01 02 01 03 01 03 03
01 03 03 02 01 00 00 00 01 00 01 02 00 00 03 03
03 01 00 00 01 00 02 00 03 01 03 01 02 03 01 01
00 01 01 01 01 02 03 03 03 02 00 01 00 02 02 03
01 01 02 02 00 01 03 02 00 02 02 03 00 00 01 01
00 02 01 02 02 02 02 01 00 03 01 00 00 00 03 02
00 00 03 01 02 00 02 02 03 03 01 01 00 00 03 03
03 01 01 00 01 01 00 03 01 03 01 01 00 03 03 01
00 02 00 02 01 00 03 01 00 02 03 00 03 03 00 01
