16 9

34 04 115 08 83 112 44 101 62 129 65 26 29 143 68 66
128 92 71 46 75 126 67 22 30 134 24 38 19 59 138 117
84 135 09 40 123 78 13 81 02 125 53 132 15 06 60 121
113 57 27 96 90 111 108 82 25 05 110 32 100 37 79 140
31 47 10 50 87 54 07 23 12 56 49 18 14 61 103 42
130 118 136 139 20 119 109 95 131 89 21 11 88 17 97 122
98 55 76 74 33 77 45 36 141 105 69 39 104 102 91 63
114 64 142 106 48 01 16 80 124 86 28 137 133 116 51 52
41 85 58 03 43 72 93 35 127 107 70 99 120 73 94 00

00 02 03 00 03 03 02 00 00 03 02 00 00 03 00 01
02 01 03 02 03 01 02 00 01 02 00 01 00 02 00 00
02 03 01 02 03 01 02 02 02 03 00 01 02 01 01 03
02 02 00 00 03 01 00 03 01 01 02 01 00 01 03 00
03 02 02 03 02 02 02 00 01 03 00 00 02 03 00 02
00 02 03 01 00 02 00 00 02 02 02 00 01 01 00 00
02 01 00 00 03 03 01 00 02 00 00 01 02 01 00 02
03 00 03 02 00 02 00 02 02 02 01 01 00 00 01 00
00 01 03 00 03 01 01 02 01 03 03 03 01 02 00 01
