16 10

00 117 128 99 62 134 74 109 130 32 159 18 110 145 106 35
01 152 24 43 107 88 144 09 21 158 02 147 41 25 23 61
54 129 76 37 121 56 157 44 39 67 89 47 146 103 68 12
124 36 123 102 46 113 15 57 137 82 80 71 90 154 104 51
48 77 66 72 33 141 79 19 27 151 08 119 111 85 58 101
87 73 70 127 120 100 105 155 59 63 131 132 40 112 96 138
29 116 65 97 156 34 149 108 115 31 22 14 64 05 03 98
45 60 52 86 06 13 49 143 17 142 75 16 26 118 114 10
04 78 139 20 92 95 94 133 122 126 91 125 38 153 84 81
53 136 30 150 83 11 140 148 07 135 93 42 50 55 28 69

00 03 03 00 00 03 02 00 02 02 02 00 01 00 01 02
02 03 03 03 03 03 02 01 01 02 01 00 01 01 02 03
03 00 01 00 00 01 03 03 00 01 00 00 02 03 01 02
00 03 00 02 01 01 03 03 01 00 01 03 01 00 01 03
02 00 02 03 00 00 01 00 02 01 01 02 02 02 03 02
00 02 01 02 01 01 01 00 03 02 01 01 02 00 02 03
03 00 02 03 03 02 02 03 02 00 00 03 02 02 03 00
00 00 02 01 02 01 01 00 02 03 02 02 03 02 01 02
03 02 00 03 02 02 01 00 01 02 01 00 00 02 00 03
02 00 03 01 01 02 03 00 01 02 02 02 03 03 01 01
