16 10

17 136 51 121 150 34 13 75 46 72 134 35 156 11 56 61
54 15 120 79 28 14 83 103 68 90 88 85 94 100 80 32
64 87 58 115 48 155 105 99 65 36 23 52 107 74 29 37
55 143 135 44 81 10 47 62 78 129 45 137 113 130 159 63
84 147 152 27 122 93 151 06 05 98 95 89 24 40 02 133
102 101 138 119 67 00 144 77 19 104 25 31 20 76 112 26
21 124 139 148 92 09 146 114 149 97 50 132 69 57 73 127
53 42 18 96 118 126 01 41 131 82 49 91 145 123 116 142
117 86 03 60 128 70 153 125 30 33 59 141 158 04 111 12
38 140 154 16 39 22 157 109 66 07 43 108 08 106 71 110

00 00 02 00 02 02 01 01 02 01 03 01 00 01 03 03
00 03 02 03 03 00 02 03 01 02 03 02 03 01 02 01
03 00 02 03 02 00 03 02 02 02 02 01 00 02 01 02
01 02 00 03 00 02 00 01 01 00 02 03 00 03 01 01
02 02 03 03 01 02 02 00 02 01 01 03 01 01 03 02
00 01 01 01 03 00 01 01 03 00 00 01 03 00 02 03
01 01 01 01 03 01 03 00 00 02 00 02 01 00 00 02
01 03 00 01 03 02 00 01 02 00 02 03 03 00 00 01
00 03 00 00 02 01 02 01 03 00 01 00 02 02 03 02
00 03 02 02 03 03 02 03 01 03 00 00 03 00 01 01
