16 9

121 03 69 81 36 41 53 124 98 104 62 00 37 50 23 131
20 116 27 42 30 14 40 99 123 58 73 38 31 125 92 112
15 96 35 44 128 118 34 29 95 134 141 21 48 19 05 64
94 87 127 61 106 120 103 26 133 129 07 01 56 86 119 130
09 39 24 143 109 66 132 117 97 140 25 135 18 55 111 12
54 11 126 63 67 84 138 122 88 115 72 43 08 80 51 142
52 47 49 33 78 100 77 101 02 139 32 22 75 65 68 82
105 91 74 28 46 57 71 10 70 16 83 60 90 45 79 110
93 137 114 136 76 04 89 102 06 85 113 17 107 59 13 108

00 00 02 00 00 03 02 00 01 03 01 03 00 03 03 02
02 01 02 02 02 03 02 01 00 03 02 03 02 01 01 03
02 02 02 02 03 03 01 01 00 02 02 01 02 03 01 02
00 01 00 03 01 01 00 03 00 03 03 00 00 02 02 03
01 00 02 02 03 03 01 01 02 00 00 01 02 02 00 00
03 00 00 01 02 00 01 01 03 02 03 02 03 01 00 00
01 03 01 00 00 00 03 00 02 03 01 00 01 03 00 03
03 01 02 00 01 01 01 01 02 02 03 00 03 01 01 03
03 03 03 03 03 00 00 01 03 03 02 01 00 03 00 01
