16 26

62 227 275 393 83 23 183 34 127 381 356 17 46 385 103 412
201 176 85 117 355 120 364 404 277 306 408 413 78 31 37 95
191 141 290 387 375 07 143 93 315 68 57 99 86 258 359 181
153 274 161 345 54 279 312 74 399 01 340 152 44 190 360 220
310 219 382 04 368 182 162 379 209 260 254 138 299 218 43 109
146 33 159 395 29 177 334 81 304 318 400 03 67 186 348 383
281 267 144 376 197 20 292 297 84 75 270 264 111 342 104 126
252 60 30 139 205 154 378 38 92 301 407 06 100 174 225 291
173 250 350 238 213 317 296 107 142 361 233 326 114 272 188 00
27 298 226 271 336 300 61 362 415 262 118 230 320 137 97 247
25 13 193 265 349 147 390 47 115 257 122 284 49 112 344 91
259 169 347 295 311 124 90 240 242 370 39 253 414 204 319 179
236 42 273 249 135 248 05 352 331 302 202 12 237 405 106 189
195 374 354 308 10 09 16 160 316 80 402 285 255 200 338 76
129 243 369 372 232 346 192 101 70 149 365 391 392 337 121 303
196 108 287 11 125 283 48 266 41 373 256 332 166 94 335 268
294 293 222 19 328 278 410 289 217 40 180 322 199 32 172 73
327 98 288 156 366 89 409 58 325 56 406 105 35 164 45 324
234 79 24 21 221 305 82 185 50 353 323 228 384 363 357 130
51 163 134 313 131 136 123 239 211 212 18 206 158 198 411 171
216 132 286 175 215 187 307 386 77 165 203 52 96 231 269 71
88 150 63 261 157 377 14 309 110 66 02 113 167 397 329 214
224 53 08 145 339 282 151 229 341 194 351 155 15 223 69 333
116 244 72 251 321 208 245 102 389 398 87 371 380 210 22 343
36 119 367 235 330 280 184 178 65 358 59 314 276 128 64 207
170 26 140 133 388 401 396 403 246 394 55 28 148 263 241 168

00 02 03 01 01 02 01 00 03 03 03 01 00 02 00 03
03 00 03 03 03 01 02 02 02 00 00 03 01 01 01 00
00 00 01 02 03 02 03 02 03 02 02 00 01 03 00 00
01 03 00 03 02 03 02 00 03 03 03 01 03 02 02 02
00 02 01 01 03 02 03 03 01 01 03 02 03 02 02 02
03 00 03 02 00 00 03 03 02 01 03 01 01 02 01 02
03 02 03 00 01 03 03 02 00 00 01 03 03 00 01 02
02 03 03 01 00 03 01 03 03 03 01 00 02 00 00 02
02 00 02 03 00 01 02 00 01 00 01 01 02 00 02 00
03 01 00 03 00 01 00 01 02 01 03 02 03 02 03 02
00 03 02 03 03 00 03 00 01 03 01 03 00 01 01 03
02 00 02 00 02 00 00 01 00 01 01 02 02 03 03 01
02 03 00 02 00 01 00 03 01 01 00 01 03 03 00 02
01 03 02 02 03 02 02 01 03 02 03 02 02 02 00 02
02 03 00 02 01 03 03 00 00 01 02 00 01 01 00 03
03 03 00 01 03 00 01 02 00 03 02 01 01 00 01 00
00 02 01 00 03 00 00 02 01 02 00 02 01 02 03 00
00 00 01 01 00 02 03 01 02 02 01 00 03 00 01 03
00 00 02 00 03 02 01 03 03 00 01 01 03 02 02 01
01 00 02 02 01 00 03 00 03 02 01 00 03 01 01 03
03 03 03 00 03 00 02 01 02 00 02 00 01 00 00 00
02 01 03 03 02 03 03 02 03 01 01 02 02 03 00 02
03 02 00 02 03 02 01 01 03 03 03 01 00 02 00 00
01 02 00 00 00 00 03 03 01 01 01 03 00 02 01 03
01 02 03 03 02 03 02 01 02 01 01 01 03 03 02 03
00 01 03 03 03 03 01 03 02 02 02 02 03 02 02 00
