16 12

166 158 07 99 38 176 94 129 156 170 190 36 111 87 27 29
63 92 108 124 191 136 80 47 14 09 40 95 18 104 05 02
56 46 159 00 144 172 13 50 118 97 42 69 52 141 41 133
54 131 149 22 15 01 186 11 116 114 171 60 26 53 96 148
81 130 74 84 31 167 67 89 184 37 49 55 138 58 08 178
189 82 140 135 153 103 10 32 154 147 65 90 79 109 105 20
78 24 106 152 127 28 04 126 98 83 43 107 51 91 73 64
25 100 21 160 30 33 44 174 164 142 161 145 125 137 48 173
112 139 45 157 03 59 151 71 128 101 77 119 88 143 187 75
181 68 180 110 168 76 162 19 39 134 93 185 35 62 165 179
169 70 102 12 34 85 113 146 06 150 182 57 115 155 17 188
183 16 177 175 23 132 163 120 117 61 121 122 72 86 66 123

00 01 01 00 00 01 02 00 02 03 02 03 01 02 00 01
02 02 03 01 01 00 01 02 01 00 02 00 00 02 01 02
00 00 02 00 01 02 01 02 01 00 01 00 02 03 03 03
02 01 03 00 02 03 01 02 03 00 00 03 01 01 02 02
01 02 01 02 03 02 01 01 03 03 01 01 02 01 03 03
01 01 01 02 00 00 03 02 00 03 01 03 02 00 00 03
02 01 03 00 00 03 03 01 00 00 03 02 00 02 01 01
01 03 03 02 01 00 02 01 02 00 00 03 02 00 00 02
03 00 00 03 03 03 00 00 01 02 03 00 00 01 02 00
01 01 02 01 01 03 00 00 00 03 03 02 01 01 03 00
03 00 03 01 01 03 02 00 03 03 01 01 03 01 02 01
02 02 02 02 02 03 02 01 03 00 02 03 00 03 03 00
