16 17

161 37 116 262 46 269 264 85 244 247 179 153 18 111 33 261
256 263 240 122 185 107 152 188 05 66 56 119 267 115 233 36
225 218 90 80 77 203 255 184 208 235 108 78 214 99 53 52
16 253 241 182 00 165 268 14 129 164 121 57 135 254 25 63
238 146 221 216 130 55 222 239 232 204 138 06 120 186 93 102
139 170 162 22 237 10 149 32 76 132 11 249 198 248 89 128
26 65 260 103 20 45 163 228 227 243 259 24 160 231 176 143
265 79 60 131 43 175 230 200 141 234 61 166 105 127 86 101
41 144 126 38 19 145 68 01 31 07 118 211 205 123 110 270
71 09 54 40 82 08 117 209 191 181 250 229 217 223 151 98
242 51 83 215 64 15 73 196 193 50 158 266 173 84 220 70
142 112 81 195 190 109 246 125 168 124 154 91 03 113 171 104
59 21 140 114 23 192 169 136 210 245 252 95 187 35 17 49
92 133 48 29 219 39 58 44 02 04 271 148 206 199 167 155
197 47 137 157 87 212 159 13 257 251 62 34 28 226 74 100
30 67 180 97 147 88 42 75 69 174 178 27 236 189 72 201
94 172 12 106 224 213 207 156 258 96 134 202 183 194 177 150

00 02 01 03 03 00 00 03 02 01 03 01 02 00 02 01
03 00 01 03 01 03 03 02 00 01 00 00 00 00 03 03
00 00 01 01 00 01 03 01 00 00 02 00 00 00 03 03
00 00 00 03 00 02 03 01 03 01 00 03 01 00 01 01
03 03 01 03 01 03 00 00 01 02 01 01 01 02 03 03
01 03 00 02 02 00 01 03 02 01 03 00 00 01 02 01
02 01 01 01 01 02 01 03 02 03 03 02 03 00 01 01
02 01 00 02 03 00 03 01 03 03 02 02 03 02 01 03
02 02 01 01 03 02 01 02 02 01 00 02 03 01 02 02
03 01 01 02 00 03 03 01 03 01 00 02 01 03 02 00
02 00 02 00 03 03 02 02 03 01 03 03 03 03 02 00
03 01 01 03 02 03 00 00 02 00 01 02 01 03 03 00
02 02 03 02 02 03 02 00 02 03 02 02 01 00 00 00
03 03 02 02 02 03 00 01 00 01 02 00 02 02 01 00
03 00 01 01 02 03 01 01 03 03 00 03 00 01 03 00
00 03 03 02 00 03 03 02 03 01 00 01 00 01 01 01
00 00 02 03 03 00 03 00 00 00 02 01 00 02 02 03
