16 10

141 146 38 100 58 103 72 69 15 147 32 130 04 109 156 125
65 136 37 31 104 61 139 75 154 00 81 78 08 64 33 122
03 92 145 28 142 149 131 40 62 35 138 107 158 105 05 128
113 95 70 93 88 144 47 119 39 148 23 108 76 101 89 22
53 99 01 50 34 152 86 07 36 17 16 11 83 67 82 155
55 123 153 90 25 84 44 150 26 21 41 94 132 143 20 137
91 112 135 87 79 66 42 127 111 57 46 140 54 121 151 116
18 85 129 157 73 06 77 49 09 13 45 60 27 24 74 80
14 115 120 126 134 43 133 110 71 59 124 118 114 02 19 97
159 117 52 68 63 10 48 96 12 106 30 51 98 29 102 56

00 01 00 03 02 00 01 03 02 02 03 00 01 01 02 02
01 01 00 02 02 03 00 01 02 01 01 00 01 03 02 01
01 03 03 03 02 03 02 03 01 00 00 02 00 00 00 00
01 00 01 00 01 00 02 02 02 02 01 01 03 03 00 03
03 01 00 00 00 01 01 03 03 03 02 01 02 02 01 01
02 01 00 00 00 03 01 02 00 02 03 03 00 03 02 00
01 01 00 00 01 00 02 02 00 00 01 02 01 03 00 02
02 03 01 02 02 01 02 02 02 03 03 02 00 01 03 02
03 01 01 03 01 00 03 03 01 03 02 03 00 00 00 02
03 02 00 03 02 01 02 00 02 02 01 01 03 03 02 02
