12 8

59 02 03 90 76 74 18 65 21 45 41 71
81 23 36 68 07 80 56 52 78 37 08 13
95 15 50 17 94 34 06 73 44 83 91 20
64 10 32 27 72 82 66 85 11 89 60 39
93 92 25 86 67 84 14 24 54 42 38 51
16 70 09 33 28 77 62 69 63 40 43 57
30 19 79 75 05 61 48 58 35 12 22 53
46 88 29 87 01 26 49 00 55 31 04 47

00 02 00 01 02 03 00 02 02 00 02 02
02 03 01 03 00 00 02 00 01 01 01 00
03 00 00 00 01 02 00 03 02 03 03 00
00 02 00 00 01 03 01 02 00 03 03 03
01 01 00 01 01 02 03 03 02 00 00 01
03 00 00 00 03 03 00 02 00 00 02 00
03 02 03 02 01 01 00 03 01 00 03 03
02 02 00 01 01 00 03 01 00 02 01 03
