16 16

220 111 91 02 236 161 177 90 92 213 83 242 59 249 12 03
70 57 79 181 134 121 41 145 140 22 195 107 97 32 215 143
237 62 64 81 247 10 172 125 88 40 86 09 119 98 138 169
19 130 198 21 211 245 63 65 180 231 104 30 146 223 218 187
50 08 29 00 72 78 35 178 109 192 123 47 115 235 55 54
27 194 131 76 13 207 93 24 250 155 153 244 137 252 75 183
240 38 80 159 174 176 248 171 101 25 117 243 170 96 210 51
156 221 16 219 239 148 53 190 126 139 95 162 184 234 43 193
132 114 238 100 112 201 66 120 56 04 185 129 60 61 191 241
228 102 15 229 110 157 222 233 251 165 175 73 49 89 141 85
127 254 158 230 135 116 113 52 151 164 149 36 39 99 122 31
105 216 214 255 203 150 199 205 58 28 246 147 20 05 163 37
166 212 160 224 253 48 82 118 189 17 154 14 108 94 232 225
44 179 23 196 106 167 188 68 226 136 200 45 124 06 186 46
103 74 142 173 152 77 197 34 07 144 182 208 168 209 87 67
69 227 26 18 42 206 33 71 84 217 202 204 133 11 128 01

00 00 02 01 00 00 02 03 02 03 03 01 01 01 03 02
03 03 00 03 00 02 02 00 02 01 02 02 03 03 02 01
01 01 01 02 02 02 00 02 01 02 00 03 00 03 00 00
03 00 01 03 01 00 01 00 02 01 00 00 00 02 01 02
01 01 01 02 01 03 03 01 00 02 02 03 02 03 01 03
00 02 03 00 01 02 02 01 03 02 02 01 00 00 02 00
00 03 01 01 03 01 02 02 01 01 03 00 02 00 01 00
01 00 01 03 02 00 02 02 01 03 02 00 02 01 01 00
00 00 00 01 02 02 03 02 02 03 00 02 03 03 01 00
01 02 01 00 03 01 03 01 01 01 02 00 00 00 03 00
00 01 00 03 02 02 01 02 00 02 00 03 03 03 01 01
00 02 02 00 01 02 00 02 03 01 03 00 00 00 01 00
00 02 01 02 02 03 03 03 02 01 03 01 00 00 00 00
03 00 01 03 03 03 01 00 01 03 01 02 02 03 02 03
01 03 01 00 01 00 01 01 01 00 03 03 00 02 00 03
00 02 01 03 00 00 02 03 00 02 03 00 00 01 00 00
