77 113 34 45 26 107 18 05 117 53 52 78
31 103 71 43 70 98 44 116 74 111 62 28
89 80 61 110 90 01 108 95 25 19 69 86
17 47 82 06 75 93 00 23 84 51 106 41
49 88 11 96 119 79 12 105 10 20 13 33
99 100 57 24 92 08 83 66 54 03 14 87
76 56 27 55 94 91 68 104 38 115 118 60
15 32 97 63 72 85 21 102 09 07 46 114
22 42 02 67 04 65 37 36 109 29 58 50
48 73 16 112 35 30 59 39 81 101 64 40

00 01 00 01 00 01 02 00 03 01 03 00
00 01 00 01 00 02 00 03 00 03 02 01
01 01 02 03 00 01 03 00 00 02 01 00
02 03 02 01 02 03 01 01 01 02 03 01
01 01 01 02 00 00 01 01 00 00 00 00
01 01 01 00 01 01 00 01 02 02 01 01
00 03 00 01 01 01 00 03 02 00 02 01
01 03 01 03 02 00 01 01 03 03 03 02
03 00 02 00 02 02 00 01 01 01 00 01
03 01 02 03 02 00 00 01 02 00 00 02
