23 31 26 85 65 22 45 08 74 28 16 61
13 77 51 02 75 10 21 33 46 86 62 27
30 69 09 67 11 64 90 12 81 72 55 48
73 25 38 50 52 78 92 71 49 58 59 15
84 66 57 89 36 41 68 19 44 35 01 14
29 40 83 34 91 79 17 87 76 32 04 63
95 80 53 00 20 82 18 70 24 88 39 60
42 94 07 56 06 54 93 05 43 37 47 03

00 01 00 01 00 02 02 00 02 03 01 02
02 02 01 00 02 00 02 00 02 02 03 03
00 02 00 02 00 02 01 03 00 00 01 01
02 00 03 00 00 02 00 01 00 03 02 01
03 00 01 00 03 02 01 03 03 00 02 02
03 01 01 02 00 03 00 02 02 03 03 03
00 01 01 00 02 02 00 02 02 03 01 00
03 02 02 02 00 00 01 00 03 03 03 02
