16 10

90 156 44 10 15 37 126 140 117 129 05 152 109 39 00 120
82 31 77 46 107 122 63 146 55 132 49 72 93 22 24 113
67 101 70 07 114 59 139 154 110 155 95 68 108 116 23 66
147 61 130 42 04 159 51 94 158 124 149 80 133 50 73 81
69 32 60 18 08 65 85 34 100 115 19 121 27 96 58 06
14 151 12 38 103 88 104 98 71 02 03 123 138 29 134 150
28 87 142 43 84 131 79 86 125 40 99 89 145 20 17 21
41 01 118 92 105 136 26 16 33 137 64 75 119 53 35 47
106 36 83 45 09 157 127 78 13 74 111 52 112 11 143 48
144 141 30 102 57 153 54 97 62 76 25 135 56 128 91 148

00 02 01 01 02 02 03 00 01 01 03 02 03 01 00 03
00 02 01 03 00 03 01 03 00 03 00 03 01 03 03 03
02 03 02 03 03 01 02 03 03 00 02 00 02 01 01 00
00 01 02 00 00 00 01 02 00 00 02 01 03 02 00 03
03 00 03 02 00 02 00 01 03 03 01 00 00 03 03 00
03 01 01 01 02 00 02 01 03 01 02 01 00 01 03 02
02 02 03 01 03 00 00 03 01 01 02 01 03 03 01 02
02 01 02 02 00 00 00 00 03 02 00 03 03 02 02 01
03 00 01 01 02 03 03 00 00 02 00 01 03 02 01 01
02 01 00 00 02 03 02 00 00 00 01 02 00 00 01 02
