47 08 17 66 02 52 57 87 68 93 76 78
19 42 33 48 61 85 31 90 03 64 32 55
23 07 73 18 72 04 69 36 37 89 81 22
56 01 14 40 30 79 25 21 27 41 88 12
74 62 63 44 45 86 50 59 94 06 24 00
20 46 09 95 51 83 71 15 60 77 11 84
35 67 49 10 34 91 80 28 82 26 05 38
70 58 54 92 65 16 43 29 13 75 39 53

00 03 00 02 01 01 02 00 03 02 03 02
01 00 00 00 00 00 01 00 01 02 00 02
01 03 02 02 02 03 02 00 01 01 01 01
00 01 00 01 03 00 01 00 01 02 01 02
01 03 03 00 02 00 02 00 02 00 00 02
03 01 00 02 03 02 03 01 02 01 01 02
00 00 02 02 02 01 01 01 03 02 01 00
01 03 03 02 02 03 00 02 01 03 03 01
