22 65 48 55 21 52 53 64 33 00 36 77
59 84 41 66 03 101 67 25 75 30 15 16
46 09 72 88 107 99 50 104 103 10 96 31
39 106 105 70 19 97 37 11 05 43 49 26
62 69 68 81 71 92 79 35 14 28 04 98
83 17 86 06 76 44 80 27 13 90 102 60
61 58 91 29 07 08 54 12 82 87 89 93
94 51 73 74 47 45 02 57 34 56 63 20
40 95 23 24 38 32 01 100 78 42 18 85

00 02 03 02 01 01 00 01 01 02 03 00
02 02 02 01 03 02 02 03 02 01 02 00
00 02 03 02 01 01 01 01 03 03 00 00
00 03 00 03 03 03 01 02 01 00 01 02
02 01 00 03 00 01 01 01 01 01 00 01
03 03 01 03 03 00 01 03 00 02 00 01
03 03 02 00 02 00 00 02 01 00 02 00
02 00 01 00 03 01 02 01 03 02 02 02
03 01 03 03 02 00 02 03 01 01 03 03
