62 96 86 71 47 84 78 08 35 59 20 76
66 67 42 27 30 70 85 04 64 50 99 65
31 74 19 80 92 90 21 45 53 39 51 61
83 38 07 94 37 10 87 103 56 33 06 34
23 22 43 05 63 82 104 88 29 01 101 02
44 18 24 12 69 41 03 25 81 68 54 16
107 91 102 32 79 106 89 72 09 52 46 17
48 36 28 15 00 73 97 98 60 100 11 55
40 105 75 77 57 93 26 14 13 95 58 49

00 00 03 00 00 01 01 02 01 03 03 02
03 00 00 02 01 03 02 00 02 01 00 01
03 02 02 01 01 02 03 00 03 03 01 02
00 00 03 00 01 02 02 00 03 02 01 00
02 02 02 00 01 01 03 00 03 03 00 02
00 03 01 02 00 03 00 00 03 00 00 00
03 00 03 01 00 01 01 02 02 01 01 00
00 03 03 00 01 00 02 03 01 00 02 02
02 02 02 03 01 02 03 00 01 03 02 03
