57 89 71 03 49 29 66 16 95 60 51 46
21 91 17 72 65 63 30 18 58 36 81 15
82 10 59 76 92 11 19 85 47 50 93 53
55 78 83 14 24 01 13 07 32 20 84 00
22 23 34 68 26 05 35 04 27 69 33 75
64 42 61 45 73 12 38 48 28 02 41 94
54 56 86 08 80 39 52 43 74 44 06 70
77 88 67 09 79 62 37 31 25 90 87 40

00 01 03 01 02 03 01 01 02 02 01 00
03 03 01 02 00 02 00 01 03 01 01 02
03 03 03 02 00 03 01 00 03 01 02 03
00 02 01 00 01 02 00 01 00 02 01 01
00 01 02 02 03 00 01 02 01 02 03 03
02 02 03 02 03 01 02 01 00 03 01 03
03 02 00 00 03 03 02 03 00 02 01 02
01 02 02 00 00 03 01 00 00 02 02 02
