16 16

27 154 79 156 254 178 248 255 128 193 143 62 243 114 88 64
20 51 210 96 06 10 224 216 252 155 95 107 145 245 26 228
16 161 233 134 75 137 239 48 35 251 23 63 171 77 172 203
180 91 211 108 69 42 05 168 101 113 115 122 46 125 53 247
205 185 103 225 127 15 132 235 181 37 126 01 198 85 60 04
237 129 121 28 242 146 249 49 212 189 207 131 68 215 32 43
70 21 196 18 191 158 102 61 33 09 54 118 56 222 104 58
220 86 231 246 93 197 206 87 07 123 159 08 109 151 149 89
40 142 81 72 36 139 74 138 116 175 209 179 66 136 111 218
184 73 14 76 240 00 84 221 03 214 110 223 105 100 169 148
124 130 162 217 188 250 65 30 80 164 24 236 78 200 135 182
119 67 208 90 112 31 22 229 117 166 45 17 199 44 234 187
183 176 12 106 226 13 227 29 192 92 57 133 186 165 97 140
157 213 50 19 230 41 98 94 59 39 144 244 99 82 201 195
173 55 194 83 177 141 238 47 160 167 202 38 219 253 25 52
71 02 174 11 34 153 150 147 204 163 170 232 190 241 120 152

00 00 01 02 00 00 02 03 03 00 03 02 01 03 03 03
03 00 02 00 03 02 02 01 00 03 03 00 01 00 03 01
02 00 03 03 01 01 01 03 00 02 00 00 03 02 00 02
03 00 02 02 02 02 00 01 02 02 03 02 00 02 02 03
00 03 00 00 03 03 02 01 00 01 03 03 03 01 03 01
00 02 02 03 03 00 00 00 02 02 00 03 00 00 02 03
02 01 00 01 02 03 02 03 01 03 01 01 01 02 02 01
03 01 00 03 03 02 03 02 01 03 00 00 03 03 02 01
00 00 01 02 01 00 02 00 01 01 00 00 01 02 01 01
01 01 01 01 02 01 01 02 01 01 02 00 00 02 03 03
00 01 03 01 02 00 02 02 02 01 03 02 00 01 01 03
01 01 03 01 01 03 00 01 00 02 01 03 00 00 02 03
01 00 03 02 01 01 02 02 00 03 03 01 02 00 03 02
01 00 03 01 03 00 01 03 03 01 01 02 00 03 01 02
00 01 00 00 02 03 02 00 00 00 00 02 00 01 01 03
02 03 03 01 01 02 00 03 01 00 01 03 03 02 02 01
