16 10

102 146 138 51 29 117 43 90 151 40 114 56 129 86 12 98
74 68 71 159 125 121 57 144 126 06 73 67 141 65 96 80
142 100 85 33 42 32 150 137 05 112 145 110 13 39 103 53
70 111 14 66 91 134 19 54 08 143 77 69 36 75 45 49
92 10 84 09 93 128 79 113 101 50 44 64 52 21 135 02
81 20 115 155 37 34 31 28 18 41 119 131 139 04 38 124
122 95 61 35 82 78 104 118 23 63 16 48 123 62 17 99
22 72 55 106 27 136 46 154 30 108 157 24 01 140 25 15
132 47 89 83 120 87 109 133 11 127 58 105 60 88 148 97
158 107 00 76 152 07 94 156 153 26 59 03 130 116 149 147

00 01 03 02 03 03 02 01 01 01 03 03 03 02 02 02
00 03 02 02 00 00 01 01 01 02 01 03 01 03 01 03
01 03 00 01 00 01 03 01 02 00 02 03 03 03 03 03
00 02 00 00 02 00 02 03 01 01 03 01 03 03 02 02
01 00 01 01 00 03 02 02 00 01 01 02 02 03 02 03
00 03 01 01 01 01 02 02 02 03 01 03 01 00 01 03
00 02 03 01 01 03 03 03 01 01 00 00 03 01 00 01
02 02 03 00 01 01 02 02 02 01 02 03 01 01 02 03
00 02 01 03 01 00 02 03 03 01 02 02 01 03 02 03
03 03 00 00 01 00 00 02 02 00 03 01 00 00 02 01
