16 8

74 31 75 56 32 64 03 76 92 24 13 119 29 127 83 114
70 79 94 122 88 02 57 54 42 50 62 120 95 107 125 117
01 39 21 07 30 96 97 102 105 80 41 08 59 63 49 72
112 85 19 86 38 67 109 04 71 100 26 53 87 126 110 103
115 93 11 18 118 55 52 90 25 65 99 73 111 98 106 77
69 45 05 108 14 84 27 78 46 16 48 116 23 10 89 20
44 68 124 17 36 121 58 104 34 66 12 28 00 82 113 61
15 06 09 81 123 47 40 101 51 37 60 22 43 35 33 91

00 02 03 00 01 02 01 01 00 00 00 00 03 00 02 00
01 00 00 03 03 01 02 03 03 00 03 00 02 00 03 02
02 00 03 00 00 01 01 02 02 03 02 01 03 03 00 03
02 03 00 01 00 01 00 01 03 03 00 01 00 01 01 01
02 02 00 01 00 03 02 00 02 02 03 00 02 02 03 00
02 01 03 01 00 03 02 02 00 00 00 01 02 03 03 03
00 02 02 03 01 02 01 03 03 02 02 01 00 00 01 02
00 02 02 00 01 02 02 01 00 01 03 03 01 00 02 03
