16 23

339 28 135 82 14 290 268 83 310 73 109 143 35 337 348 200
163 188 151 57 232 214 255 44 123 08 115 148 132 167 128 300
312 317 359 260 203 147 181 253 46 301 322 29 189 154 138 54
343 134 285 108 293 207 226 240 23 284 229 242 321 206 231 43
241 61 363 00 302 68 03 233 76 150 146 247 266 366 263 350
113 297 202 304 81 124 182 320 170 114 278 50 222 307 347 340
63 11 05 162 365 72 195 71 356 251 141 62 15 249 100 42
45 191 270 274 331 139 36 180 184 345 271 122 121 344 38 12
168 183 67 21 306 34 26 24 39 177 13 296 120 129 243 40
332 32 248 58 79 137 330 16 90 228 230 27 238 212 107 338
352 52 99 213 127 19 217 169 360 341 18 155 159 102 176 78
70 324 354 164 84 265 215 02 111 221 326 220 225 205 172 09
104 96 142 288 97 173 316 149 112 110 80 144 86 346 313 362
48 279 201 295 41 85 157 88 103 364 65 89 77 323 287 209
01 55 223 327 353 53 06 309 153 234 328 136 60 254 95 211
244 210 299 131 315 194 198 59 106 314 22 30 276 357 51 125
171 358 199 161 116 351 158 31 286 156 175 178 355 329 280 152
277 192 47 298 367 283 219 252 145 204 186 117 197 305 291 236
49 04 74 303 105 333 07 272 281 10 87 75 98 130 336 66
218 92 334 69 190 258 119 64 318 245 342 33 216 25 37 160
187 235 261 311 208 335 349 273 250 101 264 56 118 269 325 126
294 174 256 292 257 239 237 267 275 185 196 282 94 319 179 289
17 361 259 140 166 91 224 20 93 246 308 193 165 262 227 133

00 02 03 03 03 01 02 01 01 03 01 00 03 00 01 02
03 00 00 03 01 03 00 00 00 02 02 02 01 02 01 02
03 00 02 02 02 03 01 01 02 03 01 03 03 00 02 00
02 02 00 02 02 00 01 00 02 02 03 01 02 02 02 02
01 03 03 01 01 03 02 02 03 03 02 00 02 02 00 01
02 03 02 00 02 01 03 00 01 03 00 02 00 00 02 00
02 01 01 01 01 03 02 03 01 00 03 01 00 03 00 03
03 01 00 00 02 01 00 02 03 03 00 00 02 03 02 03
00 01 00 00 02 03 02 02 02 02 01 00 01 03 01 03
03 01 01 00 03 00 00 03 01 02 00 02 03 03 02 02
01 00 02 03 02 00 01 00 03 03 00 00 02 03 00 03
00 00 02 03 03 03 03 03 00 03 01 03 03 03 02 00
02 02 03 00 02 01 00 02 00 01 03 03 01 02 02 03
02 01 01 02 00 00 01 02 00 00 00 01 03 01 01 00
01 02 03 03 03 00 03 01 01 01 03 01 02 00 01 01
00 02 03 01 01 01 01 01 03 01 03 00 03 03 02 01
00 01 03 00 01 00 00 00 01 01 00 01 02 02 02 00
03 00 00 02 01 02 03 02 00 03 02 00 00 03 03 01
03 03 00 03 02 02 02 03 00 02 02 00 01 01 00 02
03 02 01 01 00 02 01 02 00 01 01 03 02 01 02 02
03 02 00 03 00 02 01 03 01 01 03 01 01 01 02 03
02 01 01 01 03 01 00 02 02 01 01 01 03 01 03 01
03 02 02 03 01 03 03 00 03 01 03 01 03 03 03 03
