16 60 116 118 123 28 82 120 73 107 68 24
91 104 94 69 61 11 130 46 83 35 121 136
115 79 44 13 142 126 139 51 59 49 102 22
84 29 132 110 31 00 88 34 98 111 131 36
57 75 39 06 37 25 119 109 19 12 108 135
67 05 33 112 87 42 97 48 02 17 81 137
134 15 30 27 45 47 54 50 106 78 117 70
14 128 23 96 113 09 72 141 129 58 63 01
66 101 03 90 43 26 04 21 114 56 65 20
41 38 138 124 53 74 143 127 99 122 08 52
103 71 80 18 32 133 77 95 86 40 93 100
92 07 140 55 62 89 105 85 10 76 64 125

00 00 00 02 00 02 00 03 00 02 01 02
03 02 02 00 00 03 01 00 03 02 03 02
00 00 02 01 00 00 01 02 00 02 02 00
02 01 02 02 02 02 02 01 02 03 02 03
02 02 02 01 03 03 00 00 00 02 03 03
00 00 03 00 02 01 01 02 01 01 00 00
02 00 01 03 01 01 02 01 02 02 01 01
03 01 01 00 00 01 02 00 02 03 02 00
02 03 02 03 00 02 00 02 03 03 02 02
02 01 00 01 02 01 03 00 01 01 02 01
03 01 03 02 02 01 03 01 01 02 03 01
03 02 00 00 02 03 02 03 01 03 00 02
