14 9

39 28 101 67 51 120 21 93 36 113 24 29 13 15
47 63 03 86 00 96 118 06 62 102 124 98 106 123
119 121 116 70 55 30 112 92 122 90 66 60 10 38
33 09 107 17 64 48 46 31 56 72 20 125 49 57
59 110 115 50 23 54 80 18 08 82 32 40 78 103
100 117 44 11 61 53 52 94 43 37 02 68 69 84
97 109 91 111 104 76 77 41 01 34 108 95 79 16
14 85 114 12 19 05 58 26 81 25 88 71 74 89
45 99 65 27 87 35 73 22 105 07 75 83 42 04

00 03 03 02 01 02 02 01 00 02 01 03 02 01
01 01 03 02 03 02 01 01 03 00 03 01 03 03
02 03 02 02 01 00 03 02 03 01 02 00 03 00
02 03 02 03 01 02 02 00 03 01 01 02 00 01
03 00 03 02 02 00 02 02 03 00 02 02 03 03
03 00 00 00 02 02 03 01 02 01 00 02 02 01
00 00 01 02 03 02 03 02 03 01 00 03 02 02
00 02 02 03 03 03 03 00 02 01 02 00 02 00
00 00 01 02 02 03 03 01 02 01 01 00 00 02
