16 10

37 125 106 152 109 25 14 12 03 58 150 143 17 154 20 22
151 101 31 45 80 26 60 11 108 144 132 85 55 75 46 24
27 16 153 28 126 73 88 96 140 52 42 129 76 124 102 66
141 86 30 08 56 92 54 130 09 159 115 07 41 13 104 72
35 74 137 01 71 138 155 81 05 116 97 111 135 134 51 36
91 48 32 145 83 49 156 136 44 64 10 131 68 98 00 21
61 79 105 65 47 39 69 114 103 89 15 147 100 82 63 67
148 38 93 23 90 139 157 84 110 87 146 113 112 53 149 02
77 117 158 121 43 127 18 123 122 06 33 133 142 59 107 128
57 50 78 70 29 40 62 34 118 19 99 94 95 04 119 120

00 00 02 02 02 00 03 00 01 02 00 03 01 03 01 03
03 03 03 03 02 01 01 02 01 00 00 01 00 01 01 01
00 02 02 01 01 02 02 01 02 00 01 02 00 02 02 01
01 00 01 03 00 00 02 02 00 00 03 01 00 03 00 01
00 01 00 02 00 02 00 01 02 02 02 01 01 02 02 03
00 02 00 01 00 03 03 02 02 01 02 00 01 00 03 01
03 00 02 01 00 03 01 00 01 03 01 01 01 03 01 00
03 01 03 03 00 03 02 01 00 03 02 02 00 03 02 03
03 03 00 03 00 00 01 03 01 01 02 02 02 03 03 01
01 02 01 02 03 02 02 03 00 01 02 00 01 02 03 00
