81 62 55 92 69 52 11 91 30 82 32 54
46 15 74 14 37 75 66 33 25 21 20 56
31 71 12 89 65 41 00 23 28 59 22 09
80 58 29 73 93 70 85 43 77 48 34 47
44 10 57 50 95 02 72 35 60 63 49 13
01 36 83 08 38 05 06 90 94 19 04 67
42 53 27 26 16 45 87 40 76 17 78 39
68 86 79 61 51 07 03 64 84 18 88 24

00 02 01 00 02 02 00 01 00 02 03 01
00 02 00 00 00 03 00 02 02 01 00 03
01 00 01 03 00 03 01 00 01 03 01 03
02 00 02 00 00 00 03 00 03 01 02 02
03 00 00 03 00 01 01 00 00 02 03 01
02 03 00 00 02 02 00 01 03 03 02 02
00 01 02 01 00 00 01 00 00 02 03 02
01 03 03 02 01 00 02 03 02 03 00 00
