16 16

175 184 27 118 202 169 157 220 132 17 114 101 161 59 168 82
165 233 14 69 97 92 182 119 47 96 56 98 207 172 39 68
110 41 124 187 240 163 170 09 147 232 133 206 62 126 117 102
255 215 167 134 137 189 218 23 66 90 223 176 200 148 212 162
193 76 06 136 234 30 250 103 222 105 171 246 197 49 29 188
231 219 12 20 253 199 139 72 86 18 112 51 24 54 125 100
164 89 174 61 183 155 243 146 74 191 238 173 43 241 60 129
213 73 143 235 71 225 151 130 53 00 180 203 95 237 247 252
210 149 186 67 104 55 192 78 214 204 159 05 166 88 131 242
57 08 40 11 138 248 58 150 93 190 44 178 84 224 211 205
108 70 22 156 201 107 38 35 106 116 50 245 45 46 113 83
33 15 36 208 236 03 111 227 81 121 158 144 229 254 221 65
19 141 115 99 160 140 251 04 79 194 37 198 152 01 26 244
249 128 13 63 135 31 75 217 85 120 228 48 177 230 77 28
87 122 94 64 145 195 21 179 10 16 123 42 185 154 80 02
181 216 91 34 196 153 07 209 25 52 226 109 127 142 239 32

00 01 02 03 00 01 03 00 03 02 02 02 03 02 00 02
02 01 00 01 01 00 02 03 02 00 02 02 02 01 00 02
02 00 02 03 01 02 00 02 02 00 00 00 01 00 01 01
03 02 02 03 00 02 03 01 03 00 03 01 03 00 00 00
02 02 03 00 02 02 02 03 00 00 02 01 03 01 03 03
02 00 03 02 03 00 03 03 03 00 03 02 01 02 00 01
00 03 03 02 03 00 03 02 01 01 01 03 03 00 00 03
02 01 00 03 03 00 02 01 00 00 01 03 00 01 01 00
02 02 03 00 03 00 03 01 02 01 02 00 01 03 00 03
03 03 01 03 00 03 00 03 01 02 03 00 02 03 03 02
00 03 03 03 01 03 01 00 00 03 00 00 01 02 00 01
00 03 02 00 02 02 01 01 02 01 03 03 03 03 01 02
02 01 01 03 00 03 02 02 03 03 01 00 02 02 03 03
00 03 02 03 02 00 03 00 03 01 02 01 00 03 01 03
01 00 03 01 02 00 00 00 02 02 01 03 01 01 00 00
02 00 01 00 02 03 00 01 02 03 02 03 02 02 01 00
