16 16

247 244 54 239 101 84 28 253 02 174 41 129 226 00 251 40
77 236 53 23 228 09 126 167 227 195 37 211 95 196 193 248
64 163 56 94 65 149 238 92 121 246 61 47 106 88 231 157
216 93 82 224 123 99 122 20 35 32 07 152 213 108 179 75
76 166 203 107 116 30 86 191 138 81 181 66 97 45 229 165
68 38 225 70 245 148 241 12 131 135 162 233 141 143 188 125
249 206 194 175 44 209 103 134 198 192 205 217 74 252 33 63
118 172 78 102 190 208 176 55 230 90 119 243 34 154 130 03
168 140 234 215 50 147 105 60 39 104 182 85 158 89 69 178
187 59 214 128 22 114 204 254 136 14 220 171 49 235 98 183
201 222 19 24 17 18 242 221 144 25 151 127 133 51 184 199
13 232 62 21 170 11 109 219 132 96 240 08 01 57 155 15
207 110 117 169 112 237 161 202 10 185 71 42 67 250 150 197
27 218 255 210 91 115 79 31 83 58 80 146 223 100 159 72
139 29 173 04 46 137 124 05 113 111 189 153 73 180 164 48
156 06 87 26 160 177 145 52 16 142 186 120 43 212 36 200

00 02 01 03 02 02 01 00 01 02 03 02 00 01 00 02
00 02 02 03 03 01 03 03 00 03 00 01 00 03 01 02
01 01 03 02 01 00 01 02 01 03 01 01 03 03 03 03
02 02 00 02 02 01 03 02 02 00 01 02 00 02 02 01
01 00 02 03 01 02 00 02 00 03 00 01 03 01 03 03
03 03 03 01 02 01 03 02 03 02 02 02 03 00 03 01
01 02 03 01 03 03 03 00 03 03 00 00 02 03 00 02
03 00 03 01 00 03 02 03 00 03 02 00 00 00 01 03
00 00 00 00 01 03 03 01 03 03 00 01 00 03 03 01
00 03 03 00 02 03 00 03 02 00 01 03 03 01 03 00
03 00 02 03 02 01 01 02 01 03 00 01 03 03 03 00
01 03 00 02 03 03 00 02 03 01 01 02 02 01 00 03
00 00 02 03 01 01 01 02 00 01 01 00 00 03 02 03
03 02 00 03 02 00 02 01 03 02 02 03 02 00 00 03
02 00 00 01 03 00 01 02 01 01 00 03 02 03 02 03
02 03 00 00 00 03 00 03 01 02 00 00 03 03 02 02
