67 09 60 02 72 99 39 35 52 41 61 25
91 29 30 08 75 65 92 86 47 88 10 33
05 101 23 11 26 74 44 56 01 66 93 37
51 84 71 64 32 31 43 53 04 55 42 40
98 48 81 13 103 22 82 85 63 104 16 94
58 95 49 03 100 62 78 89 46 12 105 69
73 17 50 34 83 57 68 20 21 76 96 90
28 70 87 77 36 38 18 06 54 07 27 80
102 45 106 24 79 97 00 19 14 15 107 59

00 03 00 01 00 00 02 02 01 02 02 02
03 00 00 00 01 01 01 01 00 01 00 02
00 03 02 03 02 01 00 02 02 03 00 01
02 03 00 01 01 03 00 00 01 02 00 00
03 03 01 00 03 02 00 02 03 03 02 03
02 03 02 00 00 02 02 03 02 00 00 03
03 03 03 02 00 01 03 02 01 03 03 01
03 03 01 00 03 03 03 03 00 01 00 00
02 01 02 02 00 00 00 03 02 00 02 03
