124 50 57 120 110 11 69 16 49 116 35 136
88 33 52 79 128 139 77 107 42 129 132 66
127 34 83 73 100 25 32 08 103 89 46 141
68 118 38 04 63 01 29 81 106 36 15 115
53 125 58 117 65 19 86 123 109 133 91 31
24 45 09 130 138 43 140 44 26 55 40 18
99 102 12 14 54 105 137 104 126 47 71 97
113 07 61 05 93 41 92 119 03 143 74 111
67 134 101 51 30 23 28 82 112 76 20 84
13 80 39 75 135 85 70 06 62 114 98 59
87 02 22 142 17 27 94 48 10 90 72 60
108 56 122 21 96 37 121 64 131 78 00 95

00 01 02 00 01 01 01 01 02 03 00 03
02 00 02 01 00 03 02 01 01 00 02 01
00 03 00 00 01 03 00 02 00 00 02 01
01 00 03 02 00 01 00 01 02 02 02 00
02 03 03 01 03 01 01 03 00 02 00 03
01 03 01 02 03 03 03 01 00 03 00 02
01 02 00 02 00 03 00 02 02 00 03 01
01 01 03 00 01 03 00 00 03 00 01 00
00 02 01 01 02 02 01 00 00 03 00 00
02 00 01 03 01 01 02 02 02 02 01 02
00 01 00 00 02 02 00 00 00 00 02 03
03 02 03 01 01 03 03 03 00 03 01 03
