48 26 15 74 27 75 19 21 50 47 68 13
81 66 54 67 40 22 57 38 18 36 00 33
58 05 53 03 42 72 77 20 46 79 41 78
59 28 34 80 16 07 55 83 06 64 12 44
08 02 04 30 29 76 51 17 43 14 69 23
49 35 61 37 09 71 31 56 45 65 82 01
32 25 11 70 24 62 52 39 63 60 73 10

00 02 00 02 02 03 00 03 03 01 00 03
01 02 00 02 01 00 02 03 02 03 01 02
02 01 03 00 03 00 03 00 03 03 02 02
03 00 01 01 00 03 02 03 02 02 01 00
00 01 03 00 02 02 00 03 01 00 01 01
03 01 00 03 03 03 00 02 03 00 01 00
02 03 00 02 02 00 02 01 00 00 03 00
