117 60 23 69 115 93 34 16 99 20 100 107
18 54 15 137 33 40 51 74 134 52 122 36
110 02 39 55 83 26 96 129 24 140 141 85
61 45 42 62 03 32 103 136 123 95 53 21
82 29 57 138 01 72 104 37 111 04 44 90
116 113 114 05 112 28 14 77 00 120 75 84
108 142 27 91 12 38 25 07 79 124 128 119
118 86 73 50 64 139 49 131 87 35 70 30
63 81 58 88 94 68 17 78 121 06 56 43
08 22 109 135 19 102 76 105 67 41 48 125
127 65 133 09 130 10 59 66 98 132 80 71
101 143 46 106 89 126 11 97 47 92 13 31

00 01 02 02 00 00 01 03 02 00 02 03
03 00 03 01 02 03 03 03 02 00 02 01
03 03 00 00 02 02 03 02 00 03 00 00
03 02 03 03 00 03 01 02 01 03 02 03
00 02 03 03 02 03 02 02 03 02 01 00
00 02 03 01 03 01 03 03 03 02 02 03
02 01 02 02 00 01 01 02 01 03 02 02
01 02 01 03 00 00 01 03 01 01 00 00
01 03 03 03 02 03 01 01 02 02 03 01
03 00 01 03 03 01 01 00 01 03 03 01
00 03 02 00 00 00 03 02 02 03 01 03
03 03 02 03 02 00 00 03 02 00 02 01
