28 38 04 15 05 40 49 54 09 50 67 06
00 01 70 33 27 91 81 73 72 88 36 89
23 47 84 52 19 18 76 60 51 39 69 24
13 42 57 59 25 11 14 31 55 68 53 92
85 77 79 17 10 58 22 30 80 41 64 37
83 61 63 93 56 07 87 26 71 45 90 16
08 65 21 62 12 02 66 43 20 35 48 29
44 46 82 74 34 95 94 86 75 32 03 78

00 00 02 01 03 03 00 00 03 00 03 03
03 03 00 02 03 02 01 03 01 00 00 01
02 03 02 02 03 00 03 01 03 00 02 01
00 01 02 03 01 00 00 00 00 00 02 00
00 03 01 00 00 03 00 01 03 02 00 02
00 00 00 01 02 01 02 03 01 03 03 02
01 00 03 03 03 02 00 01 00 01 02 00
02 03 01 03 01 01 03 03 00 03 02 03
