25 28 10 16 01 15 67 47 55 36 26 60
88 17 62 53 19 39 18 65 13 93 46 69
59 82 77 02 66 91 50 51 85 33 78 23
00 07 21 52 11 29 35 12 75 64 22 81
48 44 43 40 09 72 95 80 42 74 84 76
06 54 57 70 71 49 63 56 61 31 86 05
38 20 90 04 94 58 24 45 92 83 32 68
79 03 73 37 27 41 14 87 34 89 08 30

00 03 01 00 02 02 03 02 00 00 03 03
01 00 00 01 02 01 01 01 03 02 01 02
00 02 03 00 00 01 03 01 00 01 02 02
00 02 02 02 00 02 01 02 03 03 03 00
03 00 03 02 00 01 02 01 03 01 01 00
00 00 02 00 01 02 00 03 02 00 01 02
02 03 00 00 03 02 01 03 03 01 01 03
03 03 00 03 00 00 00 00 01 02 01 03
