16 16

49 41 210 63 231 198 234 181 223 72 247 15 110 123 101 20
58 133 201 18 139 252 124 06 215 153 125 65 134 144 04 254
184 142 141 166 172 218 97 140 151 209 189 19 170 83 129 111
24 203 109 29 77 178 81 105 36 206 98 35 102 27 96 235
177 05 152 30 148 91 204 135 246 200 50 79 229 233 214 131
45 156 106 149 90 194 95 128 25 64 08 186 54 176 238 150
143 190 09 113 33 236 248 73 187 165 16 00 195 185 88 160
114 75 192 92 237 60 161 86 80 122 118 11 173 168 220 26
167 12 202 249 43 31 255 70 119 171 78 180 205 137 253 87
162 117 243 74 03 127 251 213 159 51 222 99 241 55 157 94
39 228 46 22 47 67 103 208 196 217 56 179 07 154 191 136
216 34 23 85 182 164 59 169 155 21 121 232 71 44 132 115
239 100 108 244 130 227 89 245 69 48 207 211 163 107 146 116
158 68 219 193 14 37 212 104 17 76 225 02 38 66 145 174
57 126 53 42 175 138 147 52 93 188 01 240 242 199 13 32
230 226 40 28 10 82 183 62 250 84 221 61 120 224 112 197

00 02 01 03 01 00 00 03 00 00 02 03 02 03 01 02
00 00 00 00 01 00 03 02 03 00 01 00 00 01 01 01
00 00 03 02 00 02 01 03 03 01 03 00 01 03 03 01
01 03 01 02 02 02 00 01 03 01 03 03 02 00 00 02
02 03 03 02 00 01 02 01 00 00 01 01 03 03 00 01
00 02 02 03 00 00 00 03 03 01 01 03 03 03 03 00
00 02 03 01 03 02 00 02 01 03 03 03 02 00 00 03
01 01 01 02 02 03 02 02 03 00 02 02 00 01 00 03
01 01 03 02 02 03 03 00 02 03 02 00 01 00 02 01
03 01 00 02 03 03 03 00 01 02 02 00 03 00 03 02
02 01 00 02 00 01 02 02 02 03 03 01 02 01 02 01
01 00 00 00 03 02 01 00 02 01 01 00 03 00 03 00
03 01 03 02 02 01 01 00 01 03 01 01 01 03 01 00
00 02 00 00 00 02 02 00 01 00 03 03 03 00 00 00
01 02 02 00 01 02 01 02 03 03 00 02 03 01 02 02
01 00 02 00 02 01 03 01 02 02 00 03 01 01 03 01
