63 82 77 37 23 85 65 58 40 74 87 21
78 16 81 13 42 60 24 29 97 47 53 100
71 14 46 50 94 68 73 72 41 12 61 57
64 28 07 31 93 80 51 05 88 06 92 75
39 96 44 27 34 52 25 18 69 101 67 90
70 105 45 83 99 19 95 30 00 55 104 03
38 79 107 36 32 43 02 49 22 106 62 10
20 59 33 103 15 08 09 86 89 01 11 84
76 04 98 17 91 66 56 26 48 35 54 102

00 01 00 02 02 02 02 01 03 02 01 02
01 00 02 03 00 01 03 02 00 01 01 01
03 01 03 03 03 01 03 02 01 03 01 00
03 01 02 02 02 01 03 01 03 01 02 02
01 00 02 02 03 03 02 03 02 00 02 01
00 01 01 01 01 02 00 02 03 01 01 03
03 00 03 00 01 02 02 03 03 00 01 01
02 00 03 00 02 02 01 00 01 00 03 00
02 03 01 02 00 02 01 01 00 01 00 02
