127 141 60 105 128 160 144 142 07 32 77 172
94 35 155 43 30 117 95 50 27 162 82 121
06 119 93 164 61 122 101 71 69 48 147 131
120 98 108 153 112 109 140 150 110 40 113 118
38 34 59 100 129 152 33 42 168 125 28 04
85 137 74 11 143 26 133 63 52 72 83 156
139 86 165 173 14 12 103 97 49 41 67 174
161 36 64 29 130 167 158 126 13 80 24 116
03 169 79 19 176 23 21 114 159 171 88 76
90 134 148 51 46 58 62 96 57 70 106 54
55 124 31 56 47 65 135 45 75 104 145 91
05 20 87 16 136 132 170 177 15 102 89 123
163 166 146 44 151 17 138 00 37 01 157 149
179 10 53 02 08 68 154 25 22 115 73 111
66 84 18 99 39 81 175 78 178 09 92 107

00 02 03 00 02 01 02 01 00 03 03 01
03 01 03 03 02 02 01 03 03 00 00 01
02 02 01 00 00 01 03 02 00 02 01 00
01 03 03 03 01 03 01 02 00 02 00 03
03 03 03 03 00 03 00 03 01 01 03 03
02 01 01 01 00 02 02 01 00 00 00 02
00 01 02 01 01 02 01 00 00 03 00 03
00 01 01 01 02 00 00 01 03 00 01 03
01 02 01 01 03 03 03 01 00 01 02 01
03 00 01 00 03 00 03 01 00 03 03 01
00 02 02 00 02 01 00 01 02 03 01 01
00 01 02 02 01 02 01 01 01 00 00 03
00 00 03 02 02 03 02 03 00 02 02 01
00 03 03 00 03 00 01 01 02 02 00 02
03 02 01 01 00 02 03 00 02 03 01 01
