16 10

158 88 31 26 139 24 69 107 43 73 37 106 49 134 55 153
60 19 66 156 131 57 93 81 133 64 132 78 159 138 25 29
105 140 41 44 54 113 10 82 99 51 100 05 152 35 95 20
104 28 58 48 115 108 109 16 123 77 114 155 149 141 124 92
84 33 34 126 53 111 116 52 128 63 125 65 146 30 03 86
137 06 117 148 07 46 120 122 85 39 67 08 70 01 145 90
11 112 74 98 47 96 144 40 101 42 62 130 80 118 23 127
72 22 04 151 79 150 102 71 75 09 32 135 13 27 45 14
15 157 50 12 17 87 136 59 38 83 89 110 147 97 154 103
00 61 56 121 94 36 68 18 119 91 21 02 76 142 143 129

00 03 01 00 03 03 01 00 03 00 00 02 01 02 01 00
00 03 03 03 00 03 01 00 03 00 01 00 03 00 03 01
01 01 03 00 03 01 00 03 00 00 02 02 02 00 00 03
02 02 03 03 01 00 03 00 02 00 01 02 02 02 03 00
00 01 00 02 03 03 02 00 00 00 03 03 01 01 02 02
03 03 01 03 03 00 00 02 00 00 02 00 03 03 01 01
01 03 01 02 00 03 01 01 00 02 00 00 02 00 03 01
03 01 02 03 01 02 02 03 00 00 02 02 01 00 03 01
03 02 02 00 00 00 01 02 03 03 03 03 02 01 01 00
01 01 03 03 02 01 01 00 03 00 00 01 00 00 02 03
