16 10

41 29 118 45 79 33 88 91 103 48 31 113 105 18 64 159
56 87 150 08 145 116 75 16 61 152 144 139 38 55 44 58
129 57 149 134 74 111 53 09 83 142 124 92 81 130 52 62
107 67 69 95 157 128 99 11 86 43 76 15 100 72 21 97
47 78 131 123 28 141 110 151 14 85 153 136 39 60 126 148
133 24 70 122 119 143 90 89 127 158 102 54 77 147 156 40
68 26 19 132 93 03 154 96 02 13 35 49 114 98 140 25
155 120 30 22 66 106 04 101 05 37 109 07 59 115 50 46
121 12 73 94 06 80 125 84 117 71 32 82 23 00 63 42
65 137 10 51 135 34 112 20 138 104 146 01 17 36 27 108

00 02 03 03 03 02 02 02 01 00 03 01 02 03 03 00
03 00 01 03 03 00 01 03 01 00 01 03 00 00 01 00
01 01 03 03 00 02 03 02 03 02 02 03 01 00 03 00
03 00 03 01 03 02 03 02 01 00 03 01 01 02 02 00
02 01 02 01 01 02 01 00 00 03 01 00 03 03 02 02
02 01 02 01 03 03 00 02 00 02 01 01 02 00 01 03
00 01 02 01 03 02 01 00 03 00 01 03 03 01 02 02
00 00 01 01 00 01 02 02 02 00 01 00 03 02 03 03
02 01 01 00 03 03 01 02 00 00 01 00 00 02 00 01
00 01 03 01 01 01 03 02 00 03 03 03 00 01 01 03
